UmUsic
Bigbee
Hard
8
175 123 300 303
75 240 205 360 335 360 465 360
-3600 0 0 0
-98 -48 -1 0 75 480 5 -3600 -3600 -1
-82 -32 -1 0 75 360 5 -2400 -2400 -1
-66 -16 -1 0 75 480 5 -1200 -1200 -1
-50 0 0 0 75 360 5 0 0 -1
-18 32 0 1 205 360 5 0 0 -1
14 64 0 3 465 360 5 0 0 -1
46 96 0 2 335 360 5 0 0 -1
46 96 0 0 75 360 5 0 0 -1
78 128 0 3 465 360 5 0 0 -1
110 160 0 0 75 360 5 0 0 -1
110 160 0 2 335 360 5 0 0 -1
126 176 0 1 205 360 5 0 0 -1
126 176 0 3 465 360 5 0 0 -1
142 192 0 0 75 360 5 0 0 -1
142 192 0 2 335 360 5 0 0 -1
206 256 0 0 75 360 5 0 0 -1
238 288 0 1 205 360 5 0 0 -1
270 320 0 3 465 360 5 0 0 -1
302 352 0 2 335 360 5 0 0 -1
334 384 0 1 205 360 5 0 0 -1
334 384 0 3 465 360 5 0 0 -1
366 416 0 0 75 360 5 0 0 -1
366 416 0 2 335 360 5 0 0 -1
398 448 0 1 205 360 5 0 0 -1
398 448 0 3 465 360 5 0 0 -1
526 576 0 0 75 360 5 0 0 -1
526 576 0 3 465 360 5 0 0 -1
590 640 0 1 205 360 5 0 0 -1
590 640 0 2 335 360 5 0 0 -1
654 704 0 0 75 360 5 0 0 -1
654 704 0 2 335 360 5 0 0 -1
718 768 0 1 205 360 5 0 0 -1
718 768 0 3 465 360 5 0 0 -1
782 832 0 0 75 360 5 0 0 -1
782 832 0 3 465 360 5 0 0 -1
846 896 0 1 205 360 5 0 0 -1
846 896 0 2 335 360 5 0 0 -1
894 944 0 1 205 360 5 0 0 -1
910 960 0 0 75 360 5 0 0 -1
910 960 0 2 335 360 5 0 0 -1
958 1008 0 2 335 360 5 0 0 -1
974 1024 0 1 205 360 5 0 0 -1
974 1024 0 3 465 360 5 0 0 -1
1038 1088 0 0 75 360 5 0 0 -1
1054 1104 0 0 75 360 5 0 0 -1
1070 1120 0 0 75 360 5 0 0 -1
1102 1152 0 3 465 360 5 0 0 -1
1118 1168 0 3 465 360 5 0 0 -1
1134 1184 0 3 465 360 5 0 0 -1
1166 1216 0 1 205 360 5 0 0 -1
1182 1232 0 1 205 360 5 0 0 -1
1198 1248 0 1 205 360 5 0 0 -1
1230 1280 0 2 335 360 5 0 0 -1
1246 1296 0 2 335 360 5 0 0 -1
1262 1312 0 2 335 360 5 0 0 -1
1294 1344 0 1 205 360 5 0 0 -1
1310 1360 0 1 205 360 5 0 0 -1
1326 1376 0 1 205 360 5 0 0 -1
1358 1408 0 3 465 360 5 0 0 -1
1374 1424 0 3 465 360 5 0 0 -1
1390 1440 0 3 465 360 5 0 0 -1
1422 1472 0 2 335 360 5 0 0 -1
1438 1488 0 2 335 360 5 0 0 -1
1454 1504 0 2 335 360 5 0 0 -1
1486 1536 0 0 75 360 5 0 0 -1
1502 1552 0 0 75 360 5 0 0 -1
1518 1568 0 0 75 360 5 0 0 -1
1534 1584 0 0 75 360 5 0 0 -1
1566 1616 0 0 75 360 5 0 0 -1
1566 1616 0 1 205 360 5 0 0 -1
1566 1616 0 2 335 360 5 0 0 -1
1566 1616 0 3 465 360 5 0 0 -1
1582 1632 0 1 205 360 5 0 0 -1
1598 1648 0 1 205 360 5 0 0 -1
1614 1664 0 1 205 360 5 0 0 -1
1646 1696 0 3 465 360 5 0 0 -1
1678 1728 0 0 75 360 5 0 0 -1
1694 1744 0 0 75 360 5 0 0 -1
1702 1752 0 0 75 360 5 0 0 -1
1742 1792 0 2 335 360 5 0 0 -1
1774 1824 0 3 465 360 5 0 0 -1
1790 1840 0 1 205 360 5 0 0 -1
1822 1872 0 0 75 360 5 0 0 -1
1822 1872 0 1 205 360 5 0 0 -1
1822 1872 0 2 335 360 5 0 0 -1
1822 1872 0 3 465 360 5 0 0 -1
1838 1888 0 0 75 360 5 0 0 -1
1854 1904 0 0 75 360 5 0 0 -1
1870 1920 0 0 75 360 5 0 0 -1
1902 1952 0 2 335 360 5 0 0 -1
1934 1984 0 3 465 360 5 0 0 -1
1958 2008 0 1 205 360 5 0 0 -1
1974 2024 0 1 205 360 5 0 0 -1
1990 2040 0 1 205 360 5 0 0 -1
2006 2056 0 1 205 360 5 0 0 -1
2030 2080 0 0 75 360 5 0 0 -1
2030 2080 0 2 335 360 5 0 0 -1
2046 2096 0 0 75 360 5 0 0 -1
2046 2096 0 2 335 360 5 0 0 -1
2062 2112 0 0 75 360 5 0 0 -1
2062 2112 0 1 205 360 5 0 0 -1
2062 2112 0 2 335 360 5 0 0 -1
2062 2112 0 3 465 360 5 0 0 -1
2094 2144 0 1 205 360 5 0 0 -1
2110 2160 0 3 465 360 5 0 0 -1
2126 2176 0 0 75 360 5 0 0 -1
2126 2176 0 1 205 360 5 0 0 -1
2126 2176 0 2 335 360 5 0 0 -1
2126 2176 0 3 465 360 5 0 0 -1
2158 2208 0 0 75 360 5 0 0 -1
2174 2224 0 2 335 360 5 0 0 -1
2190 2240 0 0 75 360 5 0 0 -1
2190 2240 0 1 205 360 5 0 0 -1
2190 2240 0 2 335 360 5 0 0 -1
2190 2240 0 3 465 360 5 0 0 -1
2222 2272 0 3 465 360 5 0 0 -1
2238 2288 0 0 75 360 5 0 0 -1
2254 2304 0 0 75 360 5 0 0 -1
2254 2304 0 1 205 360 5 0 0 -1
2254 2304 0 2 335 360 5 0 0 -1
2254 2304 0 3 465 360 5 0 0 -1
2286 2336 0 1 205 360 5 0 0 -1
2302 2352 0 2 335 360 5 0 0 -1
2318 2368 0 0 75 360 5 0 0 -1
2318 2368 0 1 205 360 5 0 0 -1
2350 2400 0 2 335 360 5 0 0 -1
2350 2400 0 3 465 360 5 0 0 -1
2382 2432 0 2 335 360 5 0 0 -1
2382 2432 0 3 465 360 5 0 0 -1
2414 2464 0 0 75 360 5 0 0 -1
2414 2464 0 1 205 360 5 0 0 -1
2446 2496 0 0 75 360 5 0 0 -1
2446 2496 0 1 205 360 5 0 0 -1
2462 2512 0 0 75 360 5 0 0 -1
2462 2512 0 1 205 360 5 0 0 -1
2478 2528 0 2 335 360 5 0 0 -1
2478 2528 0 3 465 360 5 0 0 -1
2494 2544 0 2 335 360 5 0 0 -1
2494 2544 0 3 465 360 5 0 0 -1
2510 2560 0 0 75 360 5 0 0 -1
2510 2560 0 1 205 360 5 0 0 -1
2526 2576 0 0 75 360 5 0 0 -1
2526 2576 0 1 205 360 5 0 0 -1
2542 2592 0 2 335 360 5 0 0 -1
2542 2592 0 3 465 360 5 0 0 -1
2574 2624 0 0 75 360 5 0 0 -1
2574 2624 0 1 205 360 5 0 0 -1
2574 2624 0 2 335 360 5 0 0 -1
2574 2624 0 3 465 360 5 0 0 -1
2606 2656 0 1 205 360 5 0 0 -1
2638 2688 0 3 465 360 5 0 0 -1
2670 2720 0 2 335 360 5 0 0 -1
2702 2752 0 3 465 360 5 0 0 -1
2734 2784 0 0 75 360 5 0 0 -1
2734 2784 0 2 335 360 5 0 0 -1
2766 2816 0 0 75 360 5 0 0 -1
2766 2816 0 2 335 360 5 0 0 -1
2798 2848 0 0 75 360 5 0 0 -1
2798 2848 0 2 335 360 5 0 0 -1
2830 2880 0 0 75 360 5 0 0 -1
2830 2880 0 1 205 360 5 0 0 -1
2830 2880 0 2 335 360 5 0 0 -1
2830 2880 0 3 465 360 5 0 0 -1
2862 2912 0 1 205 360 5 0 0 -1
2894 2944 0 3 465 360 5 0 0 -1
2926 2976 0 2 335 360 5 0 0 -1
2958 3008 0 1 205 360 5 0 0 -1
2958 3008 0 3 465 360 5 0 0 -1
2990 3040 0 0 75 360 5 0 0 -1
2990 3040 0 2 335 360 5 0 0 -1
3022 3072 0 1 205 360 5 0 0 -1
3022 3072 0 3 465 360 5 0 0 -1
3086 3136 0 1 205 360 5 0 0 -1
3102 3152 0 1 205 360 5 0 0 -1
3118 3168 0 1 205 360 5 0 0 -1
3150 3200 0 2 335 360 5 0 0 -1
3166 3216 0 2 335 360 5 0 0 -1
3182 3232 0 2 335 360 5 0 0 -1
3214 3264 0 0 75 360 5 0 0 -1
3230 3280 0 0 75 360 5 0 0 -1
3246 3296 0 0 75 360 5 0 0 -1
3278 3328 0 1 205 360 5 0 0 -1
3278 3328 0 3 465 360 5 0 0 -1
3310 3360 0 1 205 360 5 0 0 -1
3310 3360 0 3 465 360 5 0 0 -1
3342 3392 0 3 465 360 5 0 0 -1
3358 3408 0 3 465 360 5 0 0 -1
3374 3424 0 3 465 360 5 0 0 -1
3406 3456 0 1 205 360 5 0 0 -1
3422 3472 0 1 205 360 5 0 0 -1
3438 3488 0 1 205 360 5 0 0 -1
3470 3520 0 0 75 360 5 0 0 -1
3470 3520 0 1 205 360 5 0 0 -1
3470 3520 0 2 335 360 5 0 0 -1
3470 3520 0 3 465 360 5 0 0 -1
3502 3552 0 0 75 360 5 0 0 -1
3502 3552 0 1 205 360 5 0 0 -1
3502 3552 0 2 335 360 5 0 0 -1
3502 3552 0 3 465 360 5 0 0 -1
3534 3584 0 0 75 360 5 0 0 -1
3534 3584 0 1 205 360 5 0 0 -1
3534 3584 0 2 335 360 5 0 0 -1
3534 3584 0 3 465 360 5 0 0 -1
3598 3648 0 1 205 360 5 0 0 -1
3614 3664 0 1 205 360 5 0 0 -1
3630 3680 0 1 205 360 5 0 0 -1
3662 3712 0 2 335 360 5 0 0 -1
3678 3728 0 2 335 360 5 0 0 -1
3694 3744 0 2 335 360 5 0 0 -1
3726 3776 0 0 75 360 5 0 0 -1
3742 3792 0 0 75 360 5 0 0 -1
3758 3808 0 0 75 360 5 0 0 -1
3790 3840 0 1 205 360 5 0 0 -1
3790 3840 0 3 465 360 5 0 0 -1
3822 3872 0 1 205 360 5 0 0 -1
3822 3872 0 3 465 360 5 0 0 -1
3854 3904 0 3 465 360 5 0 0 -1
3870 3920 0 3 465 360 5 0 0 -1
3886 3936 0 3 465 360 5 0 0 -1
3918 3968 0 1 205 360 5 0 0 -1
3934 3984 0 1 205 360 5 0 0 -1
3950 4000 0 1 205 360 5 0 0 -1
3982 4032 0 0 75 360 5 0 0 -1
3982 4032 0 1 205 360 5 0 0 -1
3982 4032 0 2 335 360 5 0 0 -1
3982 4032 0 3 465 360 5 0 0 -1
4014 4064 0 0 75 360 5 0 0 -1
4014 4064 0 1 205 360 5 0 0 -1
4014 4064 0 2 335 360 5 0 0 -1
4014 4064 0 3 465 360 5 0 0 -1
4046 4096 0 0 75 360 5 0 0 -1
4046 4096 0 1 205 360 5 0 0 -1
4046 4096 0 2 335 360 5 0 0 -1
4046 4096 0 3 465 360 5 0 0 -1
4078 4128 0 3 465 360 5 0 0 -1
4094 4144 0 3 465 360 5 0 0 -1
4110 4160 0 1 205 360 5 0 0 -1
4126 4176 0 1 205 360 5 0 0 -1
4142 4192 0 1 205 360 5 0 0 -1
4174 4224 0 2 335 360 5 0 0 -1
4190 4240 0 2 335 360 5 0 0 -1
4206 4256 0 2 335 360 5 0 0 -1
4238 4288 0 0 75 360 5 0 0 -1
4254 4304 0 0 75 360 5 0 0 -1
4270 4320 0 0 75 360 5 0 0 -1
4302 4352 0 1 205 360 5 0 0 -1
4302 4352 0 3 465 360 5 0 0 -1
4334 4384 0 1 205 360 5 0 0 -1
4334 4384 0 3 465 360 5 0 0 -1
4366 4416 0 3 465 360 5 0 0 -1
4382 4432 0 3 465 360 5 0 0 -1
4398 4448 0 3 465 360 5 0 0 -1
4430 4480 0 1 205 360 5 0 0 -1
4446 4496 0 1 205 360 5 0 0 -1
4462 4512 0 1 205 360 5 0 0 -1
4494 4544 0 0 75 360 5 0 0 -1
4494 4544 0 1 205 360 5 0 0 -1
4494 4544 0 2 335 360 5 0 0 -1
4494 4544 0 3 465 360 5 0 0 -1
4526 4576 0 0 75 360 5 0 0 -1
4526 4576 0 1 205 360 5 0 0 -1
4526 4576 0 2 335 360 5 0 0 -1
4526 4576 0 3 465 360 5 0 0 -1
4558 4608 0 0 75 360 5 0 0 -1
4574 4624 0 1 205 360 5 0 0 -1
4590 4640 0 2 335 360 5 0 0 -1
4606 4656 0 3 465 360 5 0 0 -1
4622 4672 0 3 465 360 5 0 0 -1
4638 4688 0 2 335 360 5 0 0 -1
4654 4704 0 1 205 360 5 0 0 -1
4670 4720 0 0 75 360 5 0 0 -1
4686 4736 0 0 75 360 5 0 0 -1
4686 4736 0 1 205 360 5 0 0 -1
4686 4736 0 2 335 360 5 0 0 -1
4686 4736 0 3 465 360 5 0 0 -1
4862 4912 0 0 75 360 5 0 0 -1
4894 4944 0 1 205 360 5 0 0 -1
4926 4976 0 3 465 360 5 0 0 -1
4958 5008 0 2 335 360 5 0 0 -1
4958 5008 0 0 75 360 5 0 0 -1
4990 5040 0 3 465 360 5 0 0 -1
5022 5072 0 0 75 360 5 0 0 -1
5022 5072 0 2 335 360 5 0 0 -1
5038 5088 0 1 205 360 5 0 0 -1
5038 5088 0 3 465 360 5 0 0 -1
5054 5104 0 0 75 360 5 0 0 -1
5054 5104 0 2 335 360 5 0 0 -1
5086 5136 0 1 205 360 5 0 0 -1
5086 5136 0 3 465 360 5 0 0 -1
5118 5168 0 0 75 360 5 0 0 -1
5150 5200 0 1 205 360 5 0 0 -1
5182 5232 0 3 465 360 5 0 0 -1
5214 5264 0 2 335 360 5 0 0 -1
5246 5296 0 1 205 360 5 0 0 -1
5246 5296 0 3 465 360 5 0 0 -1
5278 5328 0 0 75 360 5 0 0 -1
5278 5328 0 2 335 360 5 0 0 -1
5310 5360 0 1 205 360 5 0 0 -1
5310 5360 0 3 465 360 5 0 0 -1
5374 5424 0 0 75 360 5 0 0 -1